              precision    recall  f1-score   support

           0     1.0000    1.0000    1.0000        31
           1     0.9677    0.9677    0.9677        31
           2     1.0000    0.9677    0.9836        31
           3     0.9677    0.9677    0.9677        31
           4     0.9394    1.0000    0.9688        31
           5     1.0000    1.0000    1.0000        31
           6     1.0000    1.0000    1.0000        31
           7     0.9375    0.9677    0.9524        31
           8     0.9677    0.9677    0.9677        31
           9     1.0000    0.9355    0.9667        31

    accuracy                         0.9774       310
   macro avg     0.9780    0.9774    0.9775       310
weighted avg     0.9780    0.9774    0.9775       310
